743819073917550682
56
633111080696021024
2975276295670204689
693833152367689759
115
721474424976441406
2675
535893497388204047
10
753249383230865469
859743957907534705932749587340534834570437589402759827345374985385110
688396303973351657
421
727688252206612522
1305
753364933449613433
1011
842567403710840832
53
764256343393304597
20
693110398236360834
354
446821704790966272
1951
612270143871123467
0
769685523080937514
0
784242593311621160
0
809090664762834964
0
809439816738537505
30
750405342940102699
30
695474883727065169
61
570766174011260967
-5
408453309113040907
63
797239482830159912
0
